<?xml version="1.0"?>
<opencv_storage>
<sky>
  <int>10</int>
  <point>
    66 88</point>
  <rect>
    60 80 100 200</rect></sky>
<x0>
  <int>41</int>
  <point>
    6334 18467</point>
  <rect>
    11478 15724 19169 26500</rect></x0>
<x1>
  <int>29358</int>
  <point>
    24464 26962</point>
  <rect>
    16827 23281 28145 5705</rect></x1>
<x2>
  <int>9961</int>
  <point>
    2995 491</point>
  <rect>
    32391 5436 4827 11942</rect></x2>
<x3>
  <int>14604</int>
  <point>
    153 3902</point>
  <rect>
    18716 17421 12382 292</rect></x3>
<x4>
  <int>19718</int>
  <point>
    5447 19895</point>
  <rect>
    1869 11538 14771 21726</rect></x4>
<x5>
  <int>19912</int>
  <point>
    26299 25667</point>
  <rect>
    23811 28703 9894 17035</rect></x5>
<x6>
  <int>31322</int>
  <point>
    17673 30333</point>
  <rect>
    28253 7711 15141 4664</rect></x6>
<x7>
  <int>6868</int>
  <point>
    27644 25547</point>
  <rect>
    12859 20037 32757 32662</rect></x7>
<x8>
  <int>8723</int>
  <point>
    27529 9741</point>
  <rect>
    22190 3035 12316 778</rect></x8>
<x9>
  <int>1842</int>
  <point>
    30106 288</point>
  <rect>
    22648 19264 8942 9040</rect></x9>
</opencv_storage>
